"alt"	"cis"	"trans"	"yind"	"zind"	"taudiff"	"tau0"	"tau1"	"tauratio"	"Z"	"S"	"pvalue"	"fdr"
"AmplificationPeak1"	"FOXJ3"	"ADIPOR2"	5	2	0.418123226628948	1.18061087863731	0.762487652008366	0.354158371902819	3.88742858909019	0.107557789692236	5.06558896374761e-05	0.00493870732604439
"AmplificationPeak1"	"FOXJ3"	"ALKBH3"	5	6	0.396431530378029	-0.800389676320743	-0.403958145942714	0.495298155518895	4.23249902511301	0.0936637027027891	1.15554457624321e-05	0.00290654042105398
"AmplificationPeak1"	"DPH2"	"BEND3"	1	21	0.374472903384864	0.714385251967034	0.339912348582169	0.524189017555677	3.83328273926658	0.0976898728468206	6.32222393644229e-05	0.00551031728355181
"AmplificationPeak1"	"FOXJ3"	"BIN1"	5	36	0.482748270641151	-0.803664175468787	-0.320915904827636	0.600684073493208	4.09551126535272	0.117872529060075	2.10618871090868e-05	0.00290654042105398
"AmplificationPeak1"	"FOXJ3"	"C12orf4"	5	9	0.17493899859721	0.624960618448519	0.450021619851309	0.279920035652008	3.06064565477722	0.0571575472397975	0.00110430153207627	0.0212642248502129
"AmplificationPeak1"	"PPIH"	"C16orf45"	20	18	0.290095875581722	-1.11546841915913	-0.825372543577407	0.260066417479039	2.80595496368048	0.103385791766669	0.00250838517613463	0.0295836300313964
"AmplificationPeak1"	"YRDC"	"C1orf74"	7	22	0.165779407386132	0.671273692804937	0.505494285418805	0.246962467266396	2.48757876005308	0.0666428778249394	0.00643079857698483	0.0451245866249444
"AmplificationPeak1"	"FOXJ3"	"CCDC77"	5	3	0.247212509404022	0.951478229390149	0.704265719986128	0.259819407074056	3.28867565505323	0.0751708393693875	0.000503299752518326	0.0157257432107613
"AmplificationPeak1"	"DPH2"	"CCDC83"	1	13	0.31134030964845	0.593490897060674	0.282150587412223	0.524591550081722	4.04922027959095	0.0768889534653575	2.56942792916167e-05	0.00303926617906551
"AmplificationPeak1"	"YBX1"	"DMTN"	3	31	0.605717421858695	-1.02254175656493	-0.416824334706232	0.592364485821597	4.19547267364792	0.144374059605548	1.36151558411823e-05	0.00290654042105398
"AmplificationPeak1"	"DPH2"	"DSN1"	1	30	0.296326862990454	0.593744671693595	0.297417808703141	0.499081300629128	3.56441042167564	0.0831348885045482	0.000182337482062156	0.00974035065467518
"AmplificationPeak1"	"YRDC"	"ENDOD1"	7	20	0.269682569731737	-0.913734238674693	-0.644051668942956	0.295143334152491	2.90322437115195	0.0928907088309995	0.00184670961513122	0.0271933769473636
"AmplificationPeak1"	"FOXJ3"	"FBXL14"	5	10	0.30796188057587	0.869206770634123	0.561244890058254	0.354302210912598	3.53579915424336	0.0870982392216142	0.0002032718262061	0.0102046736637668
"AmplificationPeak1"	"EBNA1BP2"	"FKBP4"	12	19	0.3749771085736	0.920345862712965	0.545368754139364	0.407430645114496	3.56589462684905	0.105156530916603	0.000181308529914333	0.00974035065467518
"AmplificationPeak1"	"GNL2"	"FZD3"	13	34	0.248072987593923	-0.899368807911893	-0.65129582031797	0.275830099300293	2.72692545662442	0.0909716791088984	0.00319637396135626	0.0322518779300832
"AmplificationPeak1"	"NFYC"	"HORMAD1"	4	7	0.457440766806273	1.91854674219607	1.4611059753898	0.238430868920432	2.72118128628432	0.168103745646029	0.00325245387338399	0.0322518779300832
"AmplificationPeak1"	"FOXJ3"	"ITFG2"	5	8	0.157382088914445	0.67850681847563	0.521124729561185	0.231953584885157	2.73367964837142	0.0575715186701576	0.00313154734196282	0.0320628945429542
"AmplificationPeak1"	"FOXJ3"	"KCNK15"	5	26	0.894551155062945	-1.88250606720632	-0.987954912143372	0.475191645140608	3.75394963250668	0.238295992923489	8.70349278414822e-05	0.00655135638661339
"AmplificationPeak1"	"DPH2"	"NCAPD2"	1	29	0.459285853271102	0.740105257141165	0.280819403870063	0.620568289225785	4.22781348187262	0.108634369808498	1.17986638149687e-05	0.00290654042105398
"AmplificationPeak1"	"EBNA1BP2"	"NDUFA9"	12	12	0.25304635855272	0.736282949632448	0.483236591079728	0.343680861656569	3.40932774209107	0.0742217755801667	0.000325615953667721	0.0126495742421297
"AmplificationPeak1"	"DPH2"	"NOP2"	1	23	0.340547631428427	0.699388383537284	0.358840752108857	0.486922058536411	3.61694988305961	0.0941532624002949	0.000149047496481523	0.00914157978420011
"AmplificationPeak1"	"CTPS1"	"RAD51AP1"	2	33	0.457189573218956	1.11296496719909	0.65577539398013	0.410785232862747	3.23358528477251	0.141387819697206	0.000611234150730721	0.0178867495005473
"AmplificationPeak1"	"YBX1"	"RGL3"	3	35	1.19275903840604	-1.61543879453479	-0.422679756128752	0.738349878956279	4.63876500462683	0.25712857564812	1.75248652687911e-06	0.00195309033926189
"AmplificationPeak1"	"TRIT1"	"RHNO1"	6	17	0.184541036128577	0.631128663485211	0.446587627356635	0.292398439185928	2.89764028596846	0.0636866615301418	0.00187990773189839	0.0271933769473636
"AmplificationPeak1"	"CTPS1"	"RSU1P2"	2	11	0.196565824633589	0.770553642629101	0.573987817995512	0.255096872896368	2.55598497182642	0.0769041394218878	0.00529438459387591	0.0402178939791675
"AmplificationPeak1"	"YRDC"	"SDR42E1"	7	25	0.513849320245049	-1.01198019439658	-0.498130874151534	0.507766182668668	3.88722063828016	0.132189388784577	5.06992901828229e-05	0.00493870732604439
"AmplificationPeak1"	"MED8"	"SPANXA2"	8	15	0.165437649685299	0.597533500987803	0.432095851302504	0.276867572130781	2.85652223288119	0.057915757763395	0.00214155003295679	0.0282955548340257
"AmplificationPeak1"	"MED8"	"SPANXC"	8	4	0.175509698123707	0.918067948473277	0.742558250349569	0.191172884769124	2.51041185235035	0.0699127109200779	0.00602952123819761	0.0429330540234681
"AmplificationPeak1"	"MED8"	"SSX5"	8	28	0.239386599626673	0.745726698967002	0.506340099340329	0.321011169317495	2.97203678445931	0.0805463111622367	0.00147915619080618	0.0242523034849013
"AmplificationPeak1"	"DPH2"	"SSX6"	1	24	0.379339957090439	0.745872517586913	0.366532560496474	0.508585513135274	3.70394298411093	0.102415171809534	0.000106136994320526	0.00737507767134221
"AmplificationPeak1"	"YRDC"	"TTC9"	7	32	0.406759203940953	-1.26667523206311	-0.859916028122158	0.321123515834789	2.89507974658254	0.140500172550033	0.00189531109742563	0.0271933769473636
"AmplificationPeak1"	"YBX1"	"VWA5A"	3	16	0.534310103031981	-0.87044325033041	-0.336133147298429	0.613836804213443	4.49137706356968	0.118963537344896	3.538207136344e-06	0.00195309033926189
"AmplificationPeak1"	"FOXJ3"	"WNK1"	5	14	0.612678713252123	0.867578126758665	0.254899413506542	0.706194283091409	4.55883896262953	0.134393585356814	2.57185964282122e-06	0.00195309033926189
"AmplificationPeak1"	"DPH2"	"ZNF516"	1	27	0.579402294576631	-0.97629366954848	-0.396891374971849	0.593471321845808	4.11069412343978	0.140949989753019	1.97235739131977e-05	0.00290654042105398
"AmplificationPeak1"	"YBX1"	"ZNF516"	3	27	0.559867279767272	-0.97629366954848	-0.416426389781208	0.573461958455801	4.16105182437025	0.134549460905117	1.5839259055996e-05	0.00290654042105398
"AmplificationPeak1"	"MED8"	"ZNF516"	8	27	0.575344639060426	-0.97629366954848	-0.400949030488054	0.589315138473154	4.11756745023108	0.139729256658112	1.91446242440592e-05	0.00290654042105398
"AmplificationPeak3"	"APH1A"	"A1BG-AS1"	4	206	0.7153441970225	-0.692463372828888	0.0228808241936123	1.0330426490287	5.57101689790917	0.128404600117255	1.26628380443393e-08	2.98854418221766e-06
"AmplificationPeak3"	"IQGAP3"	"ABCA3"	61	230	0.533687853616893	-0.650872680223084	-0.117184826606191	0.819957373896802	5.03758803840804	0.105941146744811	2.35717370488857e-07	1.76874982430033e-05
"AmplificationPeak3"	"SLC50A1"	"ABCA8"	77	240	0.876528249376453	-1.15937828686515	-0.282850037488692	0.75603300433244	4.79050786386155	0.182971884043605	8.31798514471597e-07	4.00786298310892e-05
"AmplificationPeak3"	"UCK2"	"ABCB1"	26	26	0.888192930898562	-1.20084029176935	-0.312647360870783	0.739642845919068	5.31931930772238	0.166974922826896	5.20780990446801e-08	6.99911051839413e-06
"AmplificationPeak3"	"FLAD1"	"ABCC9"	6	122	1.04435836499561	-0.996658735285023	0.0476996297105853	1.04785954110656	5.9791640517257	0.174666283774935	1.12142798640433e-09	6.69784495789139e-07
"AmplificationPeak3"	"APH1A"	"ABHD17C"	4	101	1.01837954062221	0.784436146986377	-0.23394339363583	1.29823127673882	7.04153548574138	0.144624640844934	9.50663888646161e-13	1.17771883922958e-08
"AmplificationPeak3"	"APH1A"	"ACACB"	4	123	0.71468843773177	-0.664377278999747	0.0503111587320228	1.07572679006689	6.05353137424537	0.118061408052232	7.08522288705799e-10	5.12738504736306e-07
"AmplificationPeak3"	"PSMD4"	"ACKR2"	35	156	0.573673523960153	-0.7825500695531	-0.208876545592946	0.733082196628988	4.75533607174407	0.120637850891105	9.90582820481364e-07	4.49929053923165e-05
"AmplificationPeak3"	"APH1A"	"ACSL6"	4	290	1.22555255338601	-1.00330980730624	0.222242746079764	1.22150959201371	6.14650982684115	0.199389993331525	3.96032088802844e-10	3.5911044659614e-07
"AmplificationPeak3"	"APH1A"	"ADAP1"	4	186	1.12125251323895	0.854289009877683	-0.266963503361262	1.31249787867397	6.76580790428556	0.165723373926819	6.62836700904728e-12	3.50215079129105e-08
"AmplificationPeak3"	"APH1A"	"ADGRB3"	4	216	1.23420399460177	-1.08103058016853	0.15317341443325	1.14169202725918	5.9972922183302	0.205793539762751	1.00317416222198e-09	6.29174114976253e-07
"AmplificationPeak3"	"APH1A"	"ADORA2A"	4	264	0.634730788299736	-0.589045707745696	0.0456850805540399	1.07755778533533	5.62062381548912	0.1129288863899	9.51345857856549e-09	2.51679908697291e-06
"AmplificationPeak3"	"CERS2"	"ADRB2"	15	31	0.630175244518835	-0.9747955162602	-0.344620271741366	0.64646916610419	4.6464544546375	0.135624969677659	1.68844322979189e-06	6.43420832205555e-05
"AmplificationPeak3"	"SLC50A1"	"AGTR1"	77	27	0.56373424987801	-1.05126603708389	-0.487531787205875	0.536243186778636	4.47838108789043	0.125879026106633	3.76056233929401e-06	0.000109253365299983
"AmplificationPeak3"	"APH1A"	"AKAP6"	4	90	1.00463246234453	-0.888802424598409	0.115830037746122	1.13032146913692	6.42498222253831	0.156363461803888	6.59424646480676e-11	1.15417715682392e-07
"AmplificationPeak3"	"TAGLN2"	"AMIGO1"	47	201	0.661732369775219	-0.687781547724109	-0.0260491779488906	0.962125797013473	5.57095931506666	0.118782481140288	1.26670244496218e-08	2.98854418221766e-06
"AmplificationPeak3"	"APH1A"	"ANK2"	4	6	1.2447346883278	-1.28376932886901	-0.0390346405412104	0.96959372711015	6.66641759048456	0.186717179269492	1.31061380534334e-11	4.93197081088753e-08
"AmplificationPeak3"	"APH1A"	"AOC2"	4	118	0.530317916821003	-0.587264829922249	-0.0569469131012463	0.903030268118072	5.27470872532522	0.10053975383983	6.64835526368562e-08	8.01443850342562e-06
"AmplificationPeak3"	"APH1A"	"APBB1"	4	25	0.7172248825244	-0.804053276007036	-0.0868283934826354	0.892011641425268	5.85103511795651	0.122580854167714	2.4426152628311e-09	1.11415824188603e-06
"AmplificationPeak3"	"SLC50A1"	"APOLD1"	77	220	0.488610132136695	-0.676057858641148	-0.187447726504453	0.722734194849511	4.71303652702296	0.103672044410259	1.22026214227e-06	5.1653188611656e-05
"AmplificationPeak3"	"APH1A"	"ARHGEF15"	4	155	0.525842365363806	-0.64460767057923	-0.118765305215424	0.815755674907337	4.69553552047155	0.111987730275118	1.32954576743122e-06	5.45278658352384e-05
"AmplificationPeak3"	"APH1A"	"ARHGEF26"	4	229	0.924987771157338	-0.774068595471047	0.150919175686291	1.1949687360646	6.17468939127631	0.149803125719032	3.31468352394302e-10	3.21749323114551e-07
"AmplificationPeak3"	"APH1A"	"ATP6V1G2"	4	47	0.708866467605709	-0.786048033967544	-0.0771815663618352	0.901810623490444	5.61917280299019	0.12615139139848	9.59369383875467e-09	2.52461743249075e-06
"AmplificationPeak3"	"SLC50A1"	"BCL2"	77	171	0.522521311425091	-0.707521700123536	-0.185000388698445	0.738523371557164	4.83744838734164	0.108015893832045	6.57582599921162e-07	3.43392312928436e-05
"AmplificationPeak3"	"HDGF"	"BEND5"	31	2	0.558492095562158	-0.955687748702411	-0.397195653140252	0.584387626942433	5.30158844651073	0.105344294676388	5.73997032969181e-08	7.4173774577139e-06
"AmplificationPeak3"	"APH1A"	"BEX4"	4	127	0.791353779135583	-0.71745306369539	0.0739007154401932	1.10300425098131	6.13633915290353	0.128961871144482	4.22223895627738e-10	3.70164738064457e-07
"AmplificationPeak3"	"SLC50A1"	"BOC"	77	250	0.579568274611054	-0.736521157026736	-0.156952882415683	0.786899696066728	4.87446363934557	0.118898881495989	5.45522388905139e-07	3.0401440193598e-05
"AmplificationPeak3"	"APH1A"	"C10orf91"	4	145	0.635166937469384	0.738023152891247	0.102856215421863	0.860632806682395	4.95338969505623	0.128228743662813	3.64658542140703e-07	2.34973726015356e-05
"AmplificationPeak3"	"APH1A"	"C14orf132"	4	284	0.907595653465176	-0.742784733616671	0.164810919848505	1.22188248141023	6.16947428935662	0.147110695481936	3.4258707990433e-10	3.21749323114551e-07
"AmplificationPeak3"	"SMG7"	"C16orf89"	24	72	0.713980397478613	-1.39543974792574	-0.681459350447131	0.511652615987119	3.67712040367338	0.194168348897512	0.00011794085919474	0.00106279513226946
"AmplificationPeak3"	"APH1A"	"C1orf106"	4	259	1.99371107255355	1.28063596589181	-0.713075106661743	1.55681327532073	7.38441345535531	0.269989090481882	7.65634593124013e-14	2.0106986298085e-09
"AmplificationPeak3"	"ZBTB7B"	"C1orf226"	67	13	0.403644442900893	0.810067808110126	0.406423365209233	0.49828475944821	4.44673607354856	0.0907731954909522	4.35924228320005e-06	0.000120332750349149
"AmplificationPeak3"	"SF3B4"	"C1orf53"	2	238	0.834503041476657	0.589268872242896	-0.245234169233761	1.41616684808132	6.83836405730428	0.122032555518201	4.00513124075636e-12	2.51195156201504e-08
"AmplificationPeak3"	"IQGAP3"	"C5orf49"	61	138	0.772732460817572	-1.02858111563299	-0.255848654815421	0.751260594884662	4.97154156335189	0.155431157714507	3.32113101504549e-07	2.21751713125047e-05
"AmplificationPeak3"	"SLC50A1"	"CACNA1I"	77	252	0.531616041515037	-1.01816548570605	-0.486549444191016	0.52213127333263	3.82323761673901	0.139048653211482	6.58553696431979e-05	0.000710697853468076
"AmplificationPeak3"	"SLC50A1"	"CACNA2D3"	77	79	0.64005321446784	-1.06959789319107	-0.429544678723229	0.598405455491584	4.51092545173687	0.141889557102168	3.22727017753017e-06	9.93418438042028e-05
"AmplificationPeak3"	"APH1A"	"CAND2"	4	100	0.809862782531473	-0.845513515869181	-0.0356507333377071	0.957835406923024	5.59906265071764	0.144642564845684	1.0775695366674e-08	2.74797610477549e-06
"AmplificationPeak3"	"APH1A"	"CCDC13"	4	149	0.717621678717498	-0.614985043035193	0.102636635682305	1.1668928973878	6.32610650865943	0.113438127817669	1.2571215313892e-10	1.84230532250484e-07
"AmplificationPeak3"	"UBQLN4"	"CCDC65"	13	257	0.799055621571297	-0.783059286590176	0.0159963349811209	1.02042799983993	5.54406889031686	0.144128010921168	1.47761238409479e-08	3.2220899584598e-06
"AmplificationPeak3"	"SLC50A1"	"CCDC85A"	77	281	0.443088484067031	-0.649555147765088	-0.206466663698057	0.682141440325055	4.49140587888003	0.0986525146058543	3.53772838554628e-06	0.000105281341934751
"AmplificationPeak3"	"SMG7"	"CCL14"	24	207	0.754570069962622	-1.16519969609221	-0.410629626129591	0.647588625789434	4.08008895140619	0.184939612579417	2.25092352106941e-05	0.000344529840930686
"AmplificationPeak3"	"APH1A"	"CD200"	4	176	0.872313804463616	-0.762174994992627	0.11013880947099	1.14450593393195	6.13240034749982	0.142246714994604	4.3281466011629e-10	3.70164738064457e-07
"AmplificationPeak3"	"IQGAP3"	"CD300LG"	61	103	0.824088359693539	-1.32932456898657	-0.505236209293034	0.619930135137571	4.52978393277986	0.181926637544455	2.95220187436994e-06	9.39486754625076e-05
"AmplificationPeak3"	"APH1A"	"CD36"	4	98	0.914935218970391	-1.14158599564679	-0.226650776676398	0.801459743251332	4.83608362146478	0.189189288396397	6.62111159735645e-07	3.44517904617464e-05
"AmplificationPeak3"	"RRNAD1"	"CD8B"	132	293	0.463951624192175	-0.922967011448681	-0.459015387256505	0.502674113415994	3.75787723046891	0.123461091392356	8.56804576824924e-05	0.00085230574060751
"AmplificationPeak3"	"SF3B4"	"CDC42EP5"	2	212	0.937657328455014	0.784382764533309	-0.153274563921705	1.19540786826557	6.01456014507021	0.1558979053894	9.0187894703796e-10	5.96813670257057e-07
"AmplificationPeak3"	"APH1A"	"CDKL2"	4	265	0.789190966251884	-0.803708863510588	-0.0145178972587037	0.981936372836191	5.20651679961335	0.151577531894354	9.62091407160712e-08	1.02417147787453e-05
"AmplificationPeak3"	"HDGF"	"CDO1"	31	307	0.927725913461027	-0.853478003974521	0.0742479094865056	1.08699452023455	5.82447275177716	0.159280668482475	2.86465921638867e-09	1.21076718481687e-06
"AmplificationPeak3"	"FLAD1"	"CDON"	6	64	0.586719772025808	-0.787091920639521	-0.200372148613713	0.745427257783426	4.78072051064457	0.122726223112069	8.73340263874346e-07	4.14173503085766e-05
"AmplificationPeak3"	"APH1A"	"CELF2"	4	158	0.731954842876976	-0.8122088411348	-0.0802539982578246	0.901190439954217	5.10264421554725	0.143446184361979	1.67470163736984e-07	1.43391802766472e-05
"AmplificationPeak3"	"IQGAP3"	"CENPF"	61	93	0.985427162309195	0.827967472267049	-0.157459690042147	1.19017617879481	6.13282345858133	0.160680829794691	4.31664682279551e-10	3.70164738064457e-07
"AmplificationPeak3"	"APH1A"	"CERS4"	4	209	0.661602319502234	-0.731560973771421	-0.0699586542691873	0.904370713067799	4.98377036255608	0.132751365205942	3.11785401436407e-07	2.13072976740873e-05
"AmplificationPeak3"	"TUFT1"	"CETP"	83	231	0.634343375747147	-0.921981061887323	-0.287637686140176	0.688022131873975	4.56148301457902	0.139065162299128	2.53967928567909e-06	8.48762621664208e-05
"AmplificationPeak3"	"B4GALT3"	"CHRNA3"	16	208	0.645102984000286	-0.988887918509858	-0.343784934509571	0.652351972276477	3.9813301787199	0.162032023228906	3.42653374804858e-05	0.000454107735421082
"AmplificationPeak3"	"SLC50A1"	"CLEC9A"	77	273	0.55751449637212	-0.941507886925634	-0.383993390553514	0.592150638474849	4.13415400657458	0.134855763835963	1.78132262154215e-05	0.000295809480091374
"AmplificationPeak3"	"APH1A"	"CLIP3"	4	294	0.795943363562219	-0.604509005405766	0.191434358156453	1.31667742985558	6.49219532873841	0.122600033310595	4.22972385531077e-11	9.06642485325802e-08
"AmplificationPeak3"	"MTX1"	"CLNK"	82	172	0.360720306607609	-0.642870337844629	-0.28215003123702	0.561108959882963	4.15499095760501	0.0868161472042126	1.62650203442563e-05	0.000278910449111282
"AmplificationPeak3"	"IQGAP3"	"CLU"	61	69	0.57214952636244	-1.07474983626891	-0.50260030990647	0.532356002350006	4.20161073457465	0.136173853911376	1.32511278407476e-05	0.000244628718962788
"AmplificationPeak3"	"TUFT1"	"CMA1"	83	18	0.548999009877638	-1.40315247726434	-0.8541534673867	0.391261120065865	3.77322130049015	0.145498757204175	8.05766111534097e-05	0.000816658185653405
"AmplificationPeak3"	"TAGLN2"	"CNTFR"	47	188	0.843437581813764	-1.40248164221929	-0.559044060405527	0.601389391792042	4.18285039206859	0.201641823817813	1.43938421952429e-05	0.000258115165903829
"AmplificationPeak3"	"SMG5"	"COL21A1"	53	304	0.599136761640344	-0.915708173143845	-0.316571411503501	0.654287882550359	4.27855031669606	0.140032655290356	9.40572345586431e-06	0.000195442096137582
"AmplificationPeak3"	"IQGAP3"	"CRIP3"	61	232	0.674039209732355	-0.946352631915758	-0.272313422183403	0.712249522007306	4.6521662680354	0.144887171029035	1.64233030903556e-06	6.3294854683454e-05
"AmplificationPeak3"	"SMG7"	"CTSG"	24	53	0.889092229368653	-1.48302280189022	-0.59393057252157	0.599513526181417	4.27722466143858	0.207866619068268	9.46188989881984e-06	0.000196176517235531
"AmplificationPeak3"	"HDGF"	"CTTNBP2"	31	154	0.771062923439858	-0.915290753042403	-0.144227829602545	0.842424028514288	5.22559644173087	0.147555007746534	8.67973044728505e-08	9.52265120879836e-06
"AmplificationPeak3"	"HDGF"	"CYFIP2"	31	226	0.614113583007243	-0.694458505294546	-0.0803449222873032	0.884305654441908	5.23681176503589	0.11726859978192	8.16870816378975e-08	9.17601960930066e-06
"AmplificationPeak3"	"SLC50A1"	"CYYR1"	77	246	0.442288386385066	-0.606323013779935	-0.164034627394869	0.729460001242167	4.69332743592706	0.0942377007407116	1.34398369011422e-06	5.49136267564476e-05
"AmplificationPeak3"	"TAGLN2"	"DLG2"	47	59	0.782222298609217	-1.06597239681435	-0.283750098205137	0.7338110263895	5.14439061416379	0.152053441753736	1.34195289368218e-07	1.25040584224522e-05
"AmplificationPeak3"	"SF3B4"	"DMGDH"	2	110	0.92659918611513	-0.815297086113464	0.111302100001666	1.1365172302188	6.14255623323733	0.15084911735953	4.06019576723907e-10	3.63783873611842e-07
"AmplificationPeak3"	"IQGAP3"	"DMRTC1B"	61	256	1.02697972877379	-1.13433189974801	-0.107352170974222	0.905360881592001	5.26209581232706	0.195165532023946	7.12112547276205e-08	8.32220722563691e-06
"AmplificationPeak3"	"APH1A"	"DNAH2"	4	80	1.05291253491112	1.19449760125343	0.141585066342306	0.881468940420026	5.31861761283089	0.197967331280035	5.22793109334903e-08	7.01362834131256e-06
"AmplificationPeak3"	"APH1A"	"DNAJC6"	4	262	1.08885471934701	-0.870327088778436	0.21852763056857	1.25108678494115	6.31741907187846	0.172357525590469	1.32983818774682e-10	1.88842040917361e-07
"AmplificationPeak3"	"TAGLN2"	"DNASE1L3"	47	41	0.804029250988227	-1.47472711284899	-0.670697861860758	0.545205444439782	4.33444660065749	0.185497555989331	7.30636262034054e-06	0.000165929832085718
"AmplificationPeak3"	"DARS2"	"DNM1"	48	292	0.488520258644635	-0.60285822463525	-0.114337965990615	0.810340207169284	4.92238847996858	0.0992445558965215	4.27471427981248e-07	2.60083707459375e-05
"AmplificationPeak3"	"IQGAP3"	"DQX1"	61	239	1.21456664895179	1.5852071172307	0.370640468278914	0.766187986257336	4.84563441915725	0.25065172976112	6.31038636229909e-07	3.33052102664344e-05
"AmplificationPeak3"	"UCK2"	"DSCAML1"	26	283	1.09894577167224	-1.17051409842643	-0.0715683267541977	0.938857356053712	5.32139530252286	0.206514590478033	5.14871843059906e-08	6.93207238861801e-06
"AmplificationPeak3"	"HDGF"	"DTL"	31	12	0.675046807879479	0.831104738160237	0.156057930280759	0.812228323200017	5.92084401845223	0.114011922248873	1.60146769242431e-09	8.1992966984516e-07
"AmplificationPeak3"	"APH1A"	"DTNA"	4	243	0.999921879341169	-0.841829520903746	0.158092358437423	1.18779616835925	6.12000498607763	0.163385794883482	4.6786214735824e-10	3.81562837636746e-07
"AmplificationPeak3"	"APH1A"	"ELMO1"	4	279	0.848551126876592	-0.68502218017101	0.163528946705583	1.23872065962121	6.24479329079607	0.135881379472918	2.12180473470232e-10	2.41956466580555e-07
"AmplificationPeak3"	"SLC50A1"	"EMCN"	77	157	0.523586516914681	-0.80697403413734	-0.283387517222659	0.648826969351496	4.5393013057488	0.115345177957582	2.82204683722543e-06	9.08827081999403e-05
"AmplificationPeak3"	"SF3B4"	"EPB41L3"	2	233	0.924556648345211	-0.700620722786494	0.223935925558717	1.31962503859161	6.45817034122564	0.143160771471653	5.29882087807578e-11	1.04947330769931e-07
"AmplificationPeak3"	"SMG7"	"ERG"	24	199	0.522609743466149	-0.650395495598591	-0.127785752132442	0.803526080673675	4.88103239534834	0.107069509303851	5.27659512579336e-07	2.97919806719775e-05
"AmplificationPeak3"	"APH1A"	"ETV4"	4	60	0.861943772898868	0.855851831531278	-0.00609194136759005	1.00711798601481	6.04254289547033	0.142645867445146	7.58519990707655e-10	5.38563505100373e-07
"AmplificationPeak3"	"APH1A"	"EVL"	4	124	0.559267379881283	-0.588170960158609	-0.0289035802773258	0.950858539038494	5.48593884829197	0.101945609556951	2.05639582821781e-08	3.94817507202369e-06
"AmplificationPeak3"	"HDGF"	"EXO1"	31	16	0.817313379050365	0.913096886627739	0.0957835075773734	0.895100389695641	6.16777882958994	0.132513405819499	3.46279598898231e-10	3.21749323114551e-07
"AmplificationPeak3"	"SMG7"	"FABP4"	24	129	0.801033659590083	-1.65949295012598	-0.8584592905359	0.482697838233824	3.32200793252348	0.241129363884932	0.000446860765121057	0.00273450157773323
"AmplificationPeak3"	"TAGLN2"	"FAM107A"	47	190	0.630292629709669	-0.912642523491656	-0.282349893781987	0.690623780380349	4.59896158197374	0.137051075221021	2.12301033478917e-06	7.54400395736085e-05
"AmplificationPeak3"	"TUFT1"	"FAM180B"	83	286	0.417065783536735	-0.893824252094948	-0.476758468558212	0.466608265057941	3.52804432884118	0.118214439690366	0.000209321021084952	0.00158490127654886
"AmplificationPeak3"	"APH1A"	"FAM184A"	4	96	0.984231949785133	-0.859856840145959	0.124375109639174	1.14464629904911	6.4519650649428	0.152547625394475	5.52045172672429e-11	1.06533394322237e-07
"AmplificationPeak3"	"SLC50A1"	"FBXO27"	77	78	0.42654448849561	-0.903729526968698	-0.477185038473089	0.471982463521283	3.90592845363724	0.109204378308161	4.69321417299283e-05	0.000564265918400729
"AmplificationPeak3"	"SEC16B"	"FGF20"	93	112	0.629548737714957	0.988119431612246	0.358570693897289	0.637118062426691	4.56423968771562	0.137930691810369	2.50653895424929e-06	8.42550847586914e-05
"AmplificationPeak3"	"APH1A"	"FHL1"	4	21	0.873146562878807	-0.933549057665212	-0.060402494786405	0.935297996082316	6.16883089110041	0.141541659723315	3.43983783279319e-10	3.21749323114551e-07
"AmplificationPeak3"	"APH1A"	"FLJ23867"	4	287	1.33224754090665	0.848829324988706	-0.483418215917946	1.5695116811903	7.3783228212908	0.180562381610945	8.01479616463223e-14	2.0106986298085e-09
"AmplificationPeak3"	"IQGAP3"	"FLJ36777"	61	266	0.654246344055363	-0.656652099110256	-0.0024057550548938	0.996336332346834	5.49303736874411	0.119104659250651	1.97539576724552e-08	3.8817816249199e-06
"AmplificationPeak3"	"APH1A"	"FNDC5"	4	299	0.768932331475362	-0.699109655882949	0.0698226755924124	1.09987371080468	5.64077914135094	0.136316688210417	8.46411932792974e-09	2.34892094569487e-06
"AmplificationPeak3"	"APH1A"	"FXYD6"	4	191	0.787385706947542	-0.684394241159257	0.102991465788285	1.15048558213148	6.10922795149046	0.128884650106311	5.00571254868859e-10	3.86440167073527e-07
"AmplificationPeak3"	"UCK2"	"GALNT16"	26	108	1.01215041506592	-1.13276389710829	-0.120613482042366	0.893522840593466	5.55590802524733	0.182175516669188	1.38086136371865e-08	3.1022802374983e-06
"AmplificationPeak3"	"HDGF"	"GARNL3"	31	70	0.503430468462853	-0.675960507012591	-0.172530038549738	0.744763138142146	5.07214811550588	0.0992538973623096	1.96675017002302e-07	1.56322395453972e-05
"AmplificationPeak3"	"UCK2"	"GATS"	26	217	0.569009629769202	-0.6248024167227	-0.0557927869534983	0.91070331122253	5.3285928597833	0.106784219538278	4.94882947812071e-08	6.73524058195879e-06
"AmplificationPeak3"	"CHTOP"	"GDF15"	27	245	0.754589531491559	1.05711259633553	0.30252306484397	0.713821341366413	4.37619916221737	0.172430345036951	6.03833379900703e-06	0.000147504326547913
"AmplificationPeak3"	"SF3B4"	"GHR"	2	99	0.940937232637935	-0.866596658672955	0.0743405739649802	1.08578451488472	5.96559573157004	0.157727287428895	1.21871544812102e-09	7.00175282873923e-07
"AmplificationPeak3"	"APH1A"	"GHR"	4	99	0.897045025209003	-0.866596658672955	0.0304483665360487	1.03513556881546	5.96744993800848	0.150323008073424	1.20495096345736e-09	7.00175282873923e-07
"AmplificationPeak3"	"SMG7"	"GIMAP1"	24	213	0.491452680358624	-0.646089195379388	-0.154636515020765	0.760657636551311	4.64305814046329	0.105846764242669	1.71644848443313e-06	6.50142656443916e-05
"AmplificationPeak3"	"TUFT1"	"GIMAP5"	83	148	0.540506320734697	-0.770088263637169	-0.229581942902472	0.701875806004179	4.74154770266327	0.113993648198688	1.06045852043615e-06	4.71982431490632e-05
"AmplificationPeak3"	"APH1A"	"GIMAP6"	4	218	0.697882575899096	-0.734005574836821	-0.036122998937725	0.950786478773331	5.17521754322572	0.134850867634079	1.13822790040408e-07	1.13916633298154e-05
"AmplificationPeak3"	"TAGLN2"	"GIMAP7"	47	247	0.565041731461794	-0.79202448283176	-0.226982751369966	0.713414476079799	4.59101561317042	0.123075541246437	2.20547167371848e-06	7.71944622684534e-05
"AmplificationPeak3"	"APH1A"	"GIMAP8"	4	253	0.648826399123891	-0.669540650343977	-0.0207142512200863	0.969061996146994	5.17004753771639	0.125497182451533	1.17017226735782e-07	1.1528499882954e-05
"AmplificationPeak3"	"APH1A"	"GNAO1"	4	81	1.05454721814811	-1.02870912456978	0.0258380935783292	1.02511700631521	6.00516941763586	0.175606572405957	9.55661103806953e-10	6.11528501839936e-07
"AmplificationPeak3"	"APH1A"	"GNG2"	4	169	1.08738007017356	-0.812995642681658	0.274384427491899	1.33749802961655	6.90910747402988	0.157383580189023	2.43856187054744e-12	1.83531043501141e-08
"AmplificationPeak3"	"IQGAP3"	"GNG7"	61	224	0.704349179053087	-0.820104201785273	-0.115755022732186	0.858853274400741	5.17132261836991	0.136202908043496	1.16221427933219e-07	1.1528499882954e-05
"AmplificationPeak3"	"APH1A"	"GPLD1"	4	308	1.00199588166813	-0.743762234999979	0.25823364666815	1.34719919151065	6.5745684438431	0.152404814129887	2.43972406086345e-11	6.55780400959661e-08
"AmplificationPeak3"	"APH1A"	"GPRASP1"	4	184	1.05919922323472	-0.810800832937744	0.248398390296972	1.30636178480103	6.75752722836743	0.15674361159631	7.0183334967183e-12	3.50215079129105e-08
"AmplificationPeak3"	"APH1A"	"GPRC5D"	4	133	0.730222591813233	0.82672435386204	0.0965017620488065	0.883272143129691	5.098334454938	0.143227675286382	1.71327504460169e-07	1.45371484111401e-05
"AmplificationPeak3"	"APH1A"	"GPX3"	4	71	1.1779053704516	-1.04307258810918	0.134832782342419	1.12926500406538	6.51611635605837	0.180768007519761	3.60755077602543e-11	8.25432313837383e-08
"AmplificationPeak3"	"TAGLN2"	"GRAP2"	47	177	0.601935110577848	-0.825715506555331	-0.223780395977483	0.728986080313501	4.79295654813245	0.125587433253988	8.2170614548556e-07	3.98359336618644e-05
"AmplificationPeak3"	"UCK2"	"GRIK5"	26	251	0.940148376359116	-1.07780161207715	-0.137653235718037	0.872283327306636	5.09499013520239	0.184524081776612	1.74379707672058e-07	1.46486188202183e-05
"AmplificationPeak3"	"SMG7"	"GYPE"	24	194	0.380112420236114	-0.648393329873216	-0.268280909637101	0.586237400545808	3.78398904666598	0.100452833120917	7.71673092097274e-05	0.000792004094605551
"AmplificationPeak3"	"SLC50A1"	"HDC"	77	159	0.446770306301539	-0.986132971147551	-0.539362664846012	0.453052802586691	3.59742682790754	0.124191631317045	0.00016069043270985	0.00131483837210358
"AmplificationPeak3"	"FLAD1"	"HOXC10"	6	73	1.07170541517447	2.02317840308194	0.951472987907468	0.529713748200319	3.47968050854233	0.30798960207511	0.000251006028750145	0.00180898360009513
"AmplificationPeak3"	"FLAD1"	"HOXC9"	6	289	0.954648443179918	1.0730465672564	0.118398124076484	0.889661709296356	4.81680164757365	0.198191354560095	7.29387847308828e-07	3.6793021557746e-05
"AmplificationPeak3"	"TAGLN2"	"HS6ST2"	47	234	0.641747030006175	-1.08690097273909	-0.445153942732913	0.59043744195841	4.0374807834703	0.158947389330874	2.70141344655926e-05	0.00038818727031808
"AmplificationPeak3"	"APH1A"	"ID4"	4	271	0.660842717493679	-0.660037953759404	0.000804763734274577	1.00121926887642	5.28710942383993	0.124991307067316	6.21321563669169e-08	7.71310819240433e-06
"AmplificationPeak3"	"UCK2"	"IL19"	26	119	0.447119294827563	0.753371824039722	0.306252529212159	0.593490864086243	4.05725601639439	0.11020238629775	2.48263220192672e-05	0.000366601628776946
"AmplificationPeak3"	"APH1A"	"IQSEC3"	4	274	1.19568381772117	-0.979139920903835	0.216543896817339	1.22115725464186	6.18692203517102	0.193259881234001	3.06751440058178e-10	3.07823025088781e-07
"AmplificationPeak3"	"SF3B4"	"IQUB"	2	48	0.631095773712773	-0.702283902125423	-0.0711881284126508	0.898633404244062	5.33903722626515	0.118204040722572	4.6720729237745e-08	6.50213614165328e-06
"AmplificationPeak3"	"APH1A"	"IRX5"	4	173	1.01772282551766	1.0571607528701	0.0394379273524413	0.962694484026794	5.35483188482739	0.190056914466599	4.28180002995862e-08	6.19724680489895e-06
"AmplificationPeak3"	"APH1A"	"ITGA7"	4	174	0.678616805770552	-0.725509033473583	-0.0468922277030312	0.935366445434151	5.22667784752038	0.129837121316459	8.6291406147873e-08	9.48512811852758e-06
"AmplificationPeak3"	"SF3B4"	"ITPR1"	2	185	0.883225194966436	-0.662222572774951	0.221002622191486	1.33372861523793	6.69521501341773	0.131918869400965	1.07677375388975e-11	4.26527085606583e-08
"AmplificationPeak3"	"APH1A"	"JAKMIP2"	4	241	1.04250433888048	-0.880030191505382	0.162474147375094	1.18462337876973	6.10839484025347	0.170667477486969	5.0319067222776e-10	3.86440167073527e-07
"AmplificationPeak3"	"SMG7"	"KANK3"	24	74	0.474279467031261	-0.687281455767835	-0.213001988736574	0.690080407453149	4.68989877045612	0.101127868690678	1.36670121553165e-06	5.55703224653392e-05
"AmplificationPeak3"	"APH1A"	"KCNB1"	4	178	1.40066801228141	-1.147877111282	0.252790900999404	1.22022470743151	6.43529333995172	0.217654104994057	6.16175484610223e-11	1.13647124976209e-07
"AmplificationPeak3"	"HDGF"	"KCNH1"	31	146	0.413975488263491	-0.664404050630838	-0.250428562367347	0.623077911506454	4.20595770451709	0.0984259750921632	1.29989427496832e-05	0.000241610906382673
"AmplificationPeak3"	"APH1A"	"KCNK1"	4	134	1.0588804495026	0.758222793984056	-0.300657655518546	1.39652943422968	7.24752453914277	0.146102361404056	2.12228784336255e-13	3.19455255334305e-09
"AmplificationPeak3"	"APH1A"	"KCNMA1"	4	242	1.12752253364241	-0.866238783403444	0.261283750238965	1.30163016854589	6.55863172792404	0.171914292556154	2.71518627358595e-11	6.86307912336471e-08
"AmplificationPeak3"	"GOLPH3L"	"KCNN1"	52	305	0.467742705841082	-0.661693695426693	-0.193950989585612	0.706887052232616	4.50496281788374	0.103828316625443	3.31922825475558e-06	0.000101425804672925
"AmplificationPeak3"	"TUFT1"	"KIAA0922"	83	275	0.483672369602899	-0.646795222901744	-0.163122853298845	0.747798302270972	4.71547771453133	0.102571234323174	1.20572143957744e-06	5.13263614171254e-05
"AmplificationPeak3"	"APH1A"	"KIAA1644"	4	192	0.693821618042376	-0.952270138006134	-0.258448519963758	0.728597474971862	4.16026277643206	0.166773508147823	1.58940820475781e-05	0.000275182977470629
"AmplificationPeak3"	"APH1A"	"KIAA2022"	4	310	1.0076669342549	-0.941529473081542	0.0661374611733592	1.0702447061555	5.49405326677351	0.183410477715785	1.96405962142583e-08	3.87594027886973e-06
"AmplificationPeak3"	"IQGAP3"	"KIF14"	61	52	1.08823006513536	0.97568427420191	-0.11254579093345	1.11535062510412	6.10142875331361	0.178356596320879	5.25622487303904e-10	3.91677224153133e-07
"AmplificationPeak3"	"IQGAP3"	"KRT222"	61	168	0.526791427642485	-0.64055695420305	-0.113765526560565	0.82239592308836	5.1516916343347	0.102256009294414	1.29073627116323e-07	1.22346842871898e-05
"AmplificationPeak3"	"APH1A"	"LAD1"	4	272	1.43441103481467	0.87711824678832	-0.557292788026352	1.63536791084549	7.61826465470896	0.188285797334179	1.2855436738496e-14	9.67525879812686e-10
"AmplificationPeak3"	"MRPL9"	"LDLRAD4"	19	87	0.558236356275038	-0.622036617598966	-0.063800261323928	0.897433270777219	5.59643546758923	0.0997485559349279	1.09401855646009e-08	2.76137834772878e-06
"AmplificationPeak3"	"DARS2"	"LDOC1"	48	311	0.504163257995372	-0.694204196536013	-0.190040938540641	0.726246341510293	4.56645796497988	0.110405759094203	2.48017224957773e-06	8.36985278743991e-05
"AmplificationPeak3"	"SF3B4"	"LINC00482"	2	291	1.1605448449267	0.962091415110228	-0.198453429816476	1.20627294527281	5.84376302440953	0.198595466667468	2.55173073642721e-09	1.12277607881859e-06
"AmplificationPeak3"	"APH1A"	"LINC00628"	4	54	0.647133103792228	0.738486429390178	0.0913533255979499	0.876296541192521	5.42672158244121	0.119249365194283	2.86992780997046e-08	4.88679879714924e-06
"AmplificationPeak3"	"VPS72"	"LRFN5"	11	193	0.670066962747247	-0.876945938629783	-0.206878975882536	0.764091528600062	4.48884737305952	0.149273723755624	3.58047893792961e-06	0.000105889330289616
"AmplificationPeak3"	"IQGAP3"	"LRP8"	61	210	0.451799660919369	0.633538526338727	0.181738865419359	0.713136837202872	4.6990548984223	0.0961469211758007	1.30684097530851e-06	5.40414645514663e-05
"AmplificationPeak3"	"TAGLN2"	"LRRC2"	47	55	0.741878078367679	-0.992104749529021	-0.250226671161341	0.747782004591621	5.21499684620999	0.142258586197773	9.19101813163527e-08	9.88192009461619e-06
"AmplificationPeak3"	"APH1A"	"LRRN2"	4	44	0.593211194813744	-0.868525074761297	-0.275313879947553	0.683009865865739	4.46468997239109	0.132867275999468	4.00923874911664e-06	0.000114080652830252
"AmplificationPeak3"	"SMG7"	"LYVE1"	24	151	0.737054324709591	-1.01432127043281	-0.277266945723217	0.726647804984995	4.6206814731878	0.159512039292572	1.91240808909188e-06	7.03404922979626e-05
"AmplificationPeak3"	"APH1A"	"MAGEE1"	4	88	0.886064416783735	-0.820861882732696	0.0652025340510391	1.07943179653315	6.21017207707578	0.142679527360369	2.64633063455896e-10	2.84525908883109e-07
"AmplificationPeak3"	"FLAD1"	"MAMDC2"	6	179	0.903107171454264	-0.957693953104656	-0.0545867816503923	0.943001852028581	5.31590740347849	0.169887679169	5.30635557551705e-08	7.04350852424276e-06
"AmplificationPeak3"	"APH1A"	"MAN1C1"	4	132	0.696250567526294	-0.721367421798267	-0.0251168542719731	0.965181607163018	5.49081572016033	0.126802756277161	2.00040810338312e-08	3.90038120924405e-06
"AmplificationPeak3"	"IQGAP3"	"MAP2"	61	248	0.711965010767701	-0.837438166494971	-0.12547315572727	0.850170244506018	5.10919961727098	0.139349617180937	1.61763200747549e-07	1.4042239924639e-05
"AmplificationPeak3"	"MRPL24"	"MAP7D3"	36	150	0.523788580899638	-0.626700494970549	-0.102911914070912	0.835787724923134	5.24672508712526	0.0998315277057192	7.74133308907894e-08	8.89508719008029e-06
"AmplificationPeak3"	"APH1A"	"MAPK10"	4	24	0.978604511249344	-0.960576268333583	0.0180282429157606	1.01876815356581	6.51114789817012	0.150296772021469	3.72893341533191e-11	8.25432313837383e-08
"AmplificationPeak3"	"IQGAP3"	"MAPK8IP1"	61	137	0.788577962624551	-0.803897699061852	-0.0153197364373016	0.980943176656458	5.64299629674008	0.139744547250564	8.35579712789317e-09	2.34662675348626e-06
"AmplificationPeak3"	"IQGAP3"	"MAPK8IP2"	61	295	0.915145692548726	-1.00822137888169	-0.0930756863329624	0.907683284363399	5.22398940256294	0.175181383809804	8.75544027380755e-08	9.56388890983024e-06
"AmplificationPeak3"	"SMG7"	"MATK"	24	175	0.621157583500009	-0.839013722220906	-0.217856138720896	0.740342579684845	4.62902895517763	0.134187448277945	1.83692200819087e-06	6.81708206018055e-05
"AmplificationPeak3"	"HDGF"	"METTL7A"	31	19	0.719778458046059	-0.797354097955445	-0.0775756399093864	0.902708670955221	6.17012058017106	0.116655492983267	3.41189667761793e-10	3.21749323114551e-07
"AmplificationPeak3"	"APH1A"	"MICU3"	4	182	0.918004375033663	-0.776844031023847	0.141160344009816	1.18171001947942	6.28055828576105	0.146166046594124	1.68679686457537e-10	2.12826768892004e-07
"AmplificationPeak3"	"APH1A"	"MROH8"	4	135	0.945032932282756	-0.665629405775152	0.279403526507604	1.41975838820136	7.32572666064342	0.129001937426881	1.18803828631344e-13	2.23535343761305e-09
"AmplificationPeak3"	"HDGF"	"MSL3P1"	31	278	0.771045038815037	0.696892858400698	-0.0741521804143386	1.10640398953795	5.94355952357266	0.129727823160011	1.39449205653587e-09	7.45056007495005e-07
"AmplificationPeak3"	"TUFT1"	"MT1M"	83	277	0.292044970692351	-0.918540114587824	-0.626495143895474	0.317944710366188	2.6217935385449	0.111391292410628	0.0043734200775717	0.0152082586461305
"AmplificationPeak3"	"APH1A"	"MYCT1"	4	104	0.491066449071763	-0.660885165073063	-0.1698187160013	0.743043534677427	4.51098986420903	0.108860020495273	3.22629021943217e-06	9.93418438042028e-05
"AmplificationPeak3"	"FLAD1"	"MYO5A"	6	116	0.697371968142776	-0.63779658321704	0.0595753849257358	1.09340812806685	6.19919762432287	0.112493908148145	2.8375867810651e-10	2.96614522661835e-07
"AmplificationPeak3"	"RFWD2"	"NACAD"	23	276	0.715734395565429	-0.799739515509112	-0.0840051199436832	0.894959398260813	5.12210091657236	0.139734536125538	1.51075049427993e-07	1.35198696433408e-05
"AmplificationPeak3"	"POGZ"	"NANOG"	91	152	0.335948626065423	0.706150635444731	0.370202009379307	0.475746404807586	3.79933750092403	0.0884229489966915	7.25417021441933e-05	0.000759971267647031
"AmplificationPeak3"	"APH1A"	"NAP1L2"	4	306	1.11809856052449	-0.938721253406395	0.179377307118091	1.19108687106761	5.98780496469292	0.18672928846503	1.06345945003151e-09	6.45468428453801e-07
"AmplificationPeak3"	"APH1A"	"NAP1L3"	4	249	0.864038667608619	-0.724402922233086	0.139635745375533	1.19275977648611	6.12305082973128	0.1411124440472	4.59001964850867e-10	3.81562837636746e-07
"AmplificationPeak3"	"APH1A"	"NAP1L5"	4	97	0.874681785789795	-0.688037427194791	0.186644358595004	1.27127064781341	6.9655405737389	0.125572707032599	1.63572559105465e-12	1.53884974292444e-08
"AmplificationPeak3"	"APH1A"	"NCALD"	4	165	0.671327980865035	-0.59295835834915	0.0783696225158851	1.13216716049686	6.12022592687125	0.109690065184935	4.67213872000388e-10	3.81562837636746e-07
"AmplificationPeak3"	"UBQLN4"	"NDRG4"	13	219	0.683856147968151	-0.829270590212005	-0.145414442243854	0.824647776057416	4.76243201926823	0.143593891776586	9.56368215108957e-07	4.38623915938637e-05
"AmplificationPeak3"	"TAGLN2"	"NEGR1"	47	183	0.585741991233765	-0.783822233309639	-0.198080242075874	0.747289329572226	4.86113049663129	0.120495014820046	5.83586384908462e-07	3.17584081713526e-05
"AmplificationPeak3"	"HDGF"	"NEK2"	31	29	0.99180027114267	1.03131505331761	0.039514782174937	0.961685052450439	6.26409320443945	0.158331020751698	1.87500570238441e-10	2.27607547052993e-07
"AmplificationPeak3"	"APH1A"	"NIPSNAP3B"	4	95	0.67027320323877	-0.613992388988544	0.0562808142502258	1.09166370016889	6.24967344421307	0.107249316179778	2.05655875595763e-10	2.38124192447513e-07
"AmplificationPeak3"	"APH1A"	"NLGN4X"	4	141	0.947269222025516	-0.993785043116376	-0.0465158210908601	0.953193277144731	5.40463410733491	0.175269815349744	3.2470410244923e-08	5.20296541469959e-06
"AmplificationPeak3"	"CERS2"	"NLRC3"	15	263	0.519248812036605	-0.647457073128482	-0.128208261091877	0.801981835687761	4.60970330885654	0.112642566613557	2.01622011266412e-06	7.31300039129286e-05
"AmplificationPeak3"	"SMG7"	"NUDT10"	24	296	0.615522451619063	-0.756290788882072	-0.140768337263009	0.813870088949398	4.73206263978807	0.130074873997574	1.11124900372815e-06	4.85616134188e-05
"AmplificationPeak3"	"SF3B4"	"NXPE3"	2	28	0.624297771023805	-0.696608368152009	-0.0723105971282035	0.896196197987067	5.58921903326533	0.111696780410318	1.14046549508578e-08	2.78680889906319e-06
"AmplificationPeak3"	"SLC50A1"	"P2RY14"	77	197	0.679221468320085	-0.944252594515786	-0.265031126195702	0.719321791928345	4.73472622427132	0.143455278330188	1.09675493237674e-06	4.81305945892353e-05
"AmplificationPeak3"	"APH1A"	"PACSIN1"	4	203	1.14788510377914	-1.02718154444837	0.120703559330769	1.11750947043698	5.94008836160212	0.193243775833251	1.42434245067312e-09	7.49642388269652e-07
"AmplificationPeak3"	"SMG7"	"PALMD"	24	200	0.526797210212823	-0.711345092567158	-0.184547882354335	0.740564904035081	4.57936676630273	0.115037130043669	2.33192879737109e-06	8.03965300722597e-05
"AmplificationPeak3"	"APH1A"	"PCBP3"	4	126	0.819373508475943	-0.79222208295939	0.0271514255165529	1.03427249265146	5.84675445834978	0.140141597242175	2.50628278962638e-09	1.12138305887683e-06
"AmplificationPeak3"	"PIAS3"	"PCK1"	130	288	0.468788990014632	-1.41083095979832	-0.942041969783684	0.332278638173383	2.97811151915566	0.1574114961778	0.00145015218272775	0.00657596876402098
"AmplificationPeak3"	"APH1A"	"PDE2A"	4	23	0.715570380876348	-0.870977959727327	-0.155407578850979	0.821571169378808	5.50934596690297	0.129882999756249	1.80084701902002e-08	3.66311752285094e-06
"AmplificationPeak3"	"SF3B4"	"PDE7B"	2	107	0.661646565309305	-0.769732703211242	-0.108086137901937	0.85957964699822	4.82703556644464	0.137070994444038	6.92901900072675e-07	3.54997840730222e-05
"AmplificationPeak3"	"APH1A"	"PDK4"	4	22	0.935696454481533	-1.15149756642565	-0.215801111944112	0.812590909233114	5.51474414946694	0.169671779709305	1.74643854798561e-08	3.58850832465438e-06
"AmplificationPeak3"	"APH1A"	"PEG3"	4	228	0.990129986402468	-0.868442316840556	0.121687669561911	1.14012176422335	5.95431956022661	0.166287680126591	1.3057803976804e-09	7.25125060698344e-07
"AmplificationPeak3"	"CKS1B"	"PGM5"	63	153	0.645862747168701	-0.984088613571195	-0.338225866402494	0.656305477232285	4.56671948022142	0.141428163031679	2.47708140899083e-06	8.36384481845975e-05
"AmplificationPeak3"	"APH1A"	"PHF24"	4	15	0.853357988983693	-1.06794342049592	-0.214585431512223	0.799066666460123	5.57232332175248	0.153142224474389	1.25682180275601e-08	2.98854418221766e-06
"AmplificationPeak3"	"FLAD1"	"PHLDB2"	6	130	0.792326105634948	-0.655083577657583	0.137242527977365	1.20950384448365	6.59539706246262	0.120133192608589	2.12059611369144e-11	6.38401218834579e-08
"AmplificationPeak3"	"TAGLN2"	"PIK3R3"	47	17	0.378038781705818	-0.589364952311806	-0.211326170605988	0.641434106698993	5.06572811331538	0.0746267413586874	2.03421127308467e-07	1.59184401731864e-05
"AmplificationPeak3"	"CERS2"	"PKHD1L1"	15	300	0.790954033298108	-1.10361356881024	-0.312659535512133	0.716694734145759	4.13131795232136	0.191453197847838	1.80344639431147e-05	0.000297267034446486
"AmplificationPeak3"	"SF3B4"	"PLCL2"	2	61	0.575302034043334	-0.588132639539879	-0.0128306054965448	0.978184163513552	5.67205304006391	0.101427477842635	7.05481371287907e-09	2.15684170951133e-06
"AmplificationPeak3"	"UCK2"	"PLCXD3"	26	180	0.94160154675417	-1.25663524625522	-0.315033699501047	0.749303785295017	4.70624577388609	0.200074877512541	1.26160148655195e-06	5.29267843260161e-05
"AmplificationPeak3"	"TAGLN2"	"PLIN1"	47	89	0.775063015587999	-1.78251750466431	-1.00745448907631	0.434813691063282	3.47006958993106	0.223356620235215	0.00026016176753857	0.00185717340378671
"AmplificationPeak3"	"HDGF"	"PPAP2A"	31	4	0.33469376365978	-0.612191273329017	-0.277497509669237	0.54671436565856	4.88740521660838	0.0684808704877637	5.10868289773888e-07	2.9109656038133e-05
"AmplificationPeak3"	"APH1A"	"PPM1K"	4	142	0.780779851981309	-0.615648370747618	0.16513148123369	1.26822369566764	6.74896361058067	0.115688851953097	7.44524629436593e-12	3.50215079129105e-08
"AmplificationPeak3"	"SLC50A1"	"PPP1R16B"	77	170	0.540159934533962	-0.806530029338359	-0.266370094804397	0.669733196390821	4.59806754517474	0.117475424018251	2.13213878795985e-06	7.55720724120505e-05
"AmplificationPeak3"	"UCK2"	"PPP2R2B"	26	5	0.817347148946103	-1.1391656999884	-0.321818551042299	0.717496277279438	5.63457953066577	0.145059120116728	8.77429814216478e-09	2.39264937237538e-06
"AmplificationPeak3"	"VPS72"	"PREX1"	11	254	0.551069905382807	-0.588859011000794	-0.0377891056179872	0.935826564742955	5.15697561366615	0.106859125709739	1.2548523691697e-07	1.200819459481e-05
"AmplificationPeak3"	"FLAD1"	"PRICKLE2"	6	117	0.591614815096726	-0.638693596543579	-0.0470787814468532	0.926288940891799	5.45030557714222	0.108547090933373	2.5141673267403e-08	4.52432983246955e-06
"AmplificationPeak3"	"APH1A"	"PRKAR2B"	4	7	0.827350371644104	-1.00096124526974	-0.173610873625636	0.826555848744323	5.86452032196301	0.141077245234469	2.25216465471863e-09	1.05281003877909e-06
"AmplificationPeak3"	"NUF2"	"PRPH"	81	244	0.713972757975258	-1.3719737385684	-0.658000980593143	0.52039826849766	3.84799963995149	0.185543873383589	5.95431141935546e-05	0.000664886329441441
"AmplificationPeak3"	"APH1A"	"PRRT4"	4	56	0.858400281678789	-1.03968705794229	-0.1812867762635	0.825633324105913	5.16185176840804	0.166296964769976	1.22259441583476e-07	1.18043447226119e-05
"AmplificationPeak3"	"TPM3"	"PSD"	45	114	0.538037438240855	-0.853307425888582	-0.315269987647727	0.630531766063767	4.49062774484904	0.119813413360306	3.55067844025615e-06	0.00010540044913211
"AmplificationPeak3"	"ACP6"	"PTGFR"	106	285	0.643383845574534	-0.88444388718424	-0.241060041609707	0.727444504843425	4.54512707564493	0.141554644098315	2.74510605442968e-06	8.94769042306136e-05
"AmplificationPeak3"	"FLAD1"	"PTPN13"	6	195	0.751731833495874	-0.64671964032528	0.105012193170594	1.16237668786087	6.19933785388263	0.121260020217331	2.8350599203955e-10	2.96614522661835e-07
"AmplificationPeak3"	"TAGLN2"	"PTPRS"	47	109	0.53694356483693	-0.720836670022199	-0.183893105185268	0.744889358667609	5.02492045755305	0.106856132225902	2.51820618142907e-07	1.85083235963589e-05
"AmplificationPeak3"	"APH1A"	"RAB39B"	4	84	1.29528683584704	-1.23133567944074	0.063951156406303	1.05193641138974	6.11343064586203	0.211875608129091	4.87558799655562e-10	3.82235941454968e-07
"AmplificationPeak3"	"APH1A"	"RADIL"	4	215	0.910386162461204	-0.892418164835689	0.0179679976255153	1.02013405635779	5.48712270253917	0.165913213867064	2.04266684224414e-08	3.94817507202369e-06
"AmplificationPeak3"	"HDGF"	"RAI2"	31	58	0.591792172940827	-0.677451386666971	-0.0856592137261446	0.873556663382765	5.7001820339025	0.103819872667412	5.98397812888924e-09	1.99277062803744e-06
"AmplificationPeak3"	"APH1A"	"RAMP2-AS1"	4	140	0.764309964483166	-0.728565570332923	0.0357443941502428	1.04906132763577	5.84597466852417	0.130741237829571	2.51805342603418e-09	1.12138305887683e-06
"AmplificationPeak3"	"APH1A"	"RASA4"	4	66	0.652609827027676	-0.70640431018984	-0.0537944831621648	0.923847459045503	5.62832198382023	0.115951047026758	9.09855851985652e-09	2.44181355549967e-06
"AmplificationPeak3"	"CERS2"	"RASGRP2"	15	302	0.707804614861766	-1.00395437021881	-0.296149755357043	0.705016717749336	4.0711452772763	0.173858844785639	2.33912802348187e-05	0.000353793113551633
"AmplificationPeak3"	"APH1A"	"RCAN2"	4	260	0.811125764119748	-0.652217289246769	0.158908474872979	1.24364345670214	6.29414457175909	0.128869897231016	1.54549822963868e-10	2.10295198194304e-07
"AmplificationPeak3"	"CKS1B"	"RELN"	63	94	0.908093760294569	-1.56635460299525	-0.658260842700683	0.5797497951984	4.37764917250427	0.207438678731555	5.99831250419097e-06	0.00014685913978218
"AmplificationPeak3"	"FLAD1"	"RERG"	6	280	0.657871835551863	-0.711378745105527	-0.0535069095536638	0.924784216675287	4.99527156812758	0.13169891297791	2.93765156373875e-07	2.05286473528417e-05
"AmplificationPeak3"	"APH1A"	"RET"	4	160	0.983819725575276	-0.943483324789162	0.0403364007861147	1.04275263772693	5.74608307694325	0.171215715540723	4.56672224551135e-09	1.66844975554211e-06
"AmplificationPeak3"	"SF3B4"	"RGS22"	2	235	1.03513075633091	-0.88630852808439	0.148822228246521	1.16791244079325	5.82253929766403	0.177779951909676	2.89800826750141e-09	1.21172165682606e-06
"AmplificationPeak3"	"SF3B4"	"RNF150"	2	202	1.05277152140466	-0.882648270844105	0.17012325056055	1.19274183860107	6.03271351563491	0.1745104452045	8.06145507789382e-10	5.53322027866757e-07
"AmplificationPeak3"	"APH1A"	"RPRM"	4	161	0.542087871396521	-0.862670280229869	-0.320582408833348	0.628383617495291	3.70983177650151	0.146121954863336	0.000103698504114534	0.000969978466226637
"AmplificationPeak3"	"UCK2"	"RTN4RL1"	26	298	0.888398193288625	-0.944747316721867	-0.0563491234332423	0.940355349588327	5.29597818839833	0.167749594444101	5.9190484480554e-08	7.5377229153561e-06
"AmplificationPeak3"	"APH1A"	"RUNDC3B"	4	33	0.906686143752571	-0.918150491646888	-0.0114643478943174	0.987513650541369	6.21657871178522	0.145849700581077	2.54055777712049e-10	2.77112260031365e-07
"AmplificationPeak3"	"NIT1"	"RUSC1-AS1"	28	45	0.788059387137117	0.782576158767129	-0.00548322836998734	1.00700663866201	6.28040993518201	0.125478972753437	1.68840728466785e-10	2.12826768892004e-07
"AmplificationPeak3"	"VPS72"	"S1PR1"	11	85	0.561854677308521	-0.735424434679072	-0.173569757370551	0.763986958841945	4.84609304117072	0.115939721448845	6.29582413855386e-07	3.3275022213191e-05
"AmplificationPeak3"	"APH1A"	"SALL2"	4	222	0.864443433454909	-0.716961296201001	0.147482137253908	1.20570446136406	6.25272179978011	0.138250742818161	2.01680145198316e-10	2.37169548248682e-07
"AmplificationPeak3"	"UCK2"	"SAMD3"	26	162	0.626069667501937	-0.881274141096465	-0.255204473594528	0.710414204055724	4.55248417577778	0.137522645511442	2.65080748909189e-06	8.74877587308158e-05
"AmplificationPeak3"	"CKS1B"	"SBSPON"	63	198	0.35869888824183	-0.854451548174985	-0.495752659933155	0.419800150175831	3.26337041358892	0.109916694331781	0.000550477601556888	0.00317788181701116
"AmplificationPeak3"	"APH1A"	"SCN11A"	4	221	0.565866049371643	-0.695810169809112	-0.129944120437469	0.813247741876038	4.52257427488917	0.125120344073401	3.05460191287008e-06	9.61101376113828e-05
"AmplificationPeak3"	"TAGLN2"	"SCN3A"	47	86	0.76241092949289	-1.0807002166702	-0.318289287177313	0.705478649612925	4.92640919759234	0.154759967942878	4.1877253195688e-07	2.56032967507219e-05
"AmplificationPeak3"	"APH1A"	"SCN4A"	4	92	0.732358887822382	-0.954721670471729	-0.222362782649347	0.767091509990051	4.68547457675595	0.156304100219756	1.3965598482962e-06	5.66009086173768e-05
"AmplificationPeak3"	"CKS1B"	"SDPR"	63	167	0.532562229617671	-0.794007654964145	-0.261445425346474	0.670726820186287	4.60336678264777	0.115689723361855	2.0785757442534e-06	7.44730871224148e-05
"AmplificationPeak3"	"SF3B4"	"SETBP1"	2	143	0.903706200570507	-0.683278766500387	0.220427434070119	1.32260249385343	6.80194642891409	0.132859940902943	5.16074915818966e-12	2.98775617802823e-08
"AmplificationPeak3"	"APH1A"	"SFRP1"	4	38	1.28146336480554	-1.56244501753397	-0.280981652728425	0.820165414094441	5.28728593521341	0.242366949793839	6.20722532989569e-08	7.71310819240433e-06
"AmplificationPeak3"	"SLC50A1"	"SH2D3C"	77	115	0.423365491534522	-0.614148358699377	-0.190782867164854	0.689353778346183	4.784171963853	0.0884929502395142	8.58468234329692e-07	4.09702195638055e-05
"AmplificationPeak3"	"MRPL24"	"SH3BP5"	36	120	0.407010010781898	-0.596456380104157	-0.18944636932226	0.682380177928221	4.66135578890327	0.0873158002122081	1.57066570425729e-06	6.12494519346179e-05
"AmplificationPeak3"	"TUFT1"	"SIM2"	83	49	0.656841214319955	1.04281946398297	0.385978249663013	0.629870497249065	4.73413409491288	0.138745798313101	1.0999612647225e-06	4.82431729053293e-05
"AmplificationPeak3"	"HDGF"	"SKA3"	31	139	0.838620937467124	0.743680023068831	-0.0949409143982931	1.12766366105481	6.29222491187013	0.133278919493975	1.56473799512118e-10	2.10295198194304e-07
"AmplificationPeak3"	"APH1A"	"SLC22A17"	4	303	0.919161557962898	-0.822839908477289	0.0963216494856083	1.11706001190907	5.70413054609847	0.161139642673779	5.84692160184539e-09	1.95578228265817e-06
"AmplificationPeak3"	"SLC50A1"	"SLC45A1"	77	40	0.484199058339299	-0.749186629136923	-0.264987570797623	0.646299652861004	4.85638818026354	0.0997035328244752	5.97731194683205e-07	3.22805704437746e-05
"AmplificationPeak3"	"APH1A"	"SLC8A3"	4	91	1.14601723122898	-1.10725482041341	0.0387624108155761	1.03500766950927	6.00556620197274	0.190825842674506	9.53326729504962e-10	6.11528501839936e-07
"AmplificationPeak3"	"SLC50A1"	"SLC9A9"	77	282	0.553942433577712	-0.717328874630882	-0.16338644105317	0.772229382042868	4.79974152369124	0.115410888449614	7.94352689364458e-07	3.8896923947266e-05
"AmplificationPeak3"	"SLC50A1"	"SLCO1C1"	77	39	0.396537800212051	-0.915818955169	-0.519281154956949	0.432987107303185	3.84189922541917	0.10321400352941	6.10429816981907e-05	0.000675650677856416
"AmplificationPeak3"	"APH1A"	"SLCO4A1-AS1"	4	35	1.27462664541037	1.42924355640168	0.154616910991308	0.891819060300277	5.68547863091886	0.224189857733117	6.52233979377876e-09	2.07724860021311e-06
"AmplificationPeak3"	"SMG7"	"SLIT3"	24	105	0.673554966420174	-0.99903962644787	-0.325484660027696	0.674202452624456	4.50367715477261	0.149556671864545	3.33938217270434e-06	0.000101876198249726
"AmplificationPeak3"	"APH1A"	"SNPH"	4	62	0.917589413047828	-0.755972659039807	0.161616754008021	1.21378650679417	6.94248378248651	0.132170191792538	1.92632596040587e-12	1.61087938257852e-08
"AmplificationPeak3"	"IQGAP3"	"SNTG2"	61	67	0.756348957165751	-1.07808156573769	-0.321732608571941	0.701569325738548	4.9726819582748	0.152100810691733	3.30164717613359e-07	2.21075240009045e-05
"AmplificationPeak3"	"KIAA0907"	"SPACA4"	73	46	0.84359112825365	1.10395555094243	0.260364422688785	0.764153164983396	5.23168259419196	0.161246618667229	8.39869990384405e-08	9.4003084350458e-06
"AmplificationPeak3"	"SLC50A1"	"SPARCL1"	77	205	0.483220907150435	-0.70253036733488	-0.219309460184445	0.687829209409954	4.60876506768799	0.104848240266854	2.02533860624095e-06	7.33900020139174e-05
"AmplificationPeak3"	"RFWD2"	"SPATA12"	23	258	0.760603534764816	0.739257315900956	-0.0213462188638597	1.02887522166466	5.68141471982539	0.133875728541815	6.67925594923831e-09	2.07724860021311e-06
"AmplificationPeak3"	"POLR3C"	"SPTSSB"	32	204	0.656221317403328	-0.989784456154164	-0.333563138750836	0.662994163348548	4.28236161287115	0.153238184143762	9.24600698111137e-06	0.000193309774103952
"AmplificationPeak3"	"APH1A"	"STAT4"	4	111	0.735313438050733	-0.848366482596671	-0.113053044545938	0.866740321706362	5.11668616109811	0.143708919190956	1.55475185384595e-07	1.36698287411394e-05
"AmplificationPeak3"	"VPS72"	"STEAP4"	11	37	0.461048714194702	-0.955656373890605	-0.494607659695903	0.482441939164504	3.45271762340625	0.133532122948374	0.000277484809119977	0.00194886727360841
"AmplificationPeak3"	"FLAD1"	"SYNE1"	6	10	0.836954369109515	-0.812466189809757	0.0244881792997581	1.03014055182468	6.84888161348607	0.122203071441836	3.72147787366713e-12	2.51195156201504e-08
"AmplificationPeak3"	"APH1A"	"TACR1"	4	34	0.950538082678096	-1.27037815311619	-0.319840070438095	0.748232390762121	4.92681802486563	0.192931437264525	4.17897636762096e-07	2.5570578811373e-05
"AmplificationPeak3"	"APH1A"	"TAL1"	4	82	0.580691358040715	-0.69928891238542	-0.118597554344705	0.830402638674559	5.05989248584477	0.114763576432744	2.09746473118846e-07	1.62406780451344e-05
"AmplificationPeak3"	"SF3B4"	"TBC1D9"	2	128	0.69122172294601	-0.58908135232153	0.10214037062448	1.17338924449391	6.21945525804545	0.111138627784459	2.49441925928398e-10	2.77112260031365e-07
"AmplificationPeak3"	"APH1A"	"TCEAL2"	4	144	1.34502382226491	-1.42151179931087	-0.0764879770459568	0.946192513433207	5.36754916462437	0.250584350699476	3.99068778580172e-08	5.93571431096856e-06
"AmplificationPeak3"	"VPS72"	"TEK"	11	301	0.712995891706857	-0.701292023925499	0.0117038677813577	1.01668900740642	5.41519250925917	0.131665843917412	3.06113999369784e-08	5.07191030030158e-06
"AmplificationPeak3"	"FLAD1"	"TERT"	6	270	0.812064383349719	0.943826380581078	0.131761997231359	0.860395937280076	4.71817183789312	0.172114202545099	1.1898672572556e-06	5.08889617029543e-05
"AmplificationPeak3"	"BLZF1"	"TF"	54	196	0.515498907609653	-1.31683287991172	-0.801333972302067	0.39146873948364	3.01003537741815	0.171260082681095	0.00130608631088958	0.00607494394228857
"AmplificationPeak3"	"SLC50A1"	"TGFBR3"	77	102	0.366094905365014	-0.756515784016855	-0.390420878651842	0.483922362361255	3.90527517703541	0.0937436899498911	4.70591122399706e-05	0.000565415534068433
"AmplificationPeak3"	"UCK2"	"TIAM1"	26	75	0.72094888370657	-0.825673834913091	-0.104724951206521	0.873164260779144	5.59287775769576	0.12890481697272	1.11668269631815e-08	2.77393126995019e-06
"AmplificationPeak3"	"APH1A"	"TMEM171"	4	131	1.3638705921587	1.02356151625981	-0.340309075898888	1.33247545017363	7.02176962829866	0.194234596740702	1.09537773040938e-12	1.17771883922958e-08
"AmplificationPeak3"	"IQGAP3"	"TMEM25"	61	57	0.408503275572924	-0.690051032024014	-0.281547756451091	0.591989949460299	4.55351768579433	0.089711582069251	2.63781170561463e-06	8.72126552254625e-05
"AmplificationPeak3"	"UBQLN4"	"TMEM63A"	13	267	0.92418796296016	0.718317515960458	-0.205870446999702	1.28660090061208	6.52663372266328	0.141602547688708	3.36321325925056e-11	8.16523084895858e-08
"AmplificationPeak3"	"APH1A"	"TMOD1"	4	255	0.864241438969103	-0.808641806643962	0.0555996323251403	1.06875681156765	5.59977869818087	0.154334927423089	1.07312809914795e-08	2.74727294912157e-06
"AmplificationPeak3"	"APH1A"	"TMOD2"	4	125	0.728070464762267	-0.619973867646821	0.108096597115446	1.17435669913917	6.47066326704953	0.112518676171856	4.87868298862079e-11	9.92376862404265e-08
"AmplificationPeak3"	"SF3B4"	"TMTC1"	2	11	0.949539258478686	-0.974074765600431	-0.024535507121745	0.97481147444917	6.36373741002726	0.149210942768083	9.84513291991054e-11	1.57651998684746e-07
"AmplificationPeak3"	"SMG7"	"TNFAIP8L3"	24	121	0.587588763768808	-0.777464207997965	-0.189875444229157	0.755775967207414	4.8685598213403	0.120690468091454	5.62072470453769e-07	3.09894938417798e-05
"AmplificationPeak3"	"RFWD2"	"TNNI1"	23	236	0.731868717171786	0.719399726735101	-0.0124689904366845	1.01733249259528	5.68176067239851	0.128810197994987	6.66575642423066e-09	2.07724860021311e-06
"AmplificationPeak3"	"SF3B4"	"TNNT2"	2	268	1.73454542616854	1.2652417513066	-0.469303674861943	1.37092016160335	6.58043681324812	0.263591228879586	2.34534072510195e-11	6.55780400959661e-08
"AmplificationPeak3"	"APH1A"	"TRIM58"	4	297	0.671674388449527	-0.737835036586639	-0.0661606481371122	0.910331381872046	4.82272644933767	0.139272752768669	7.08045589828698e-07	3.60547545207628e-05
"AmplificationPeak3"	"APH1A"	"TRPM6"	4	189	0.762354963481289	-0.933558989303684	-0.171204025822395	0.816611453819226	4.61683290838443	0.165125093025743	1.94820372127087e-06	7.11775283836352e-05
"AmplificationPeak3"	"FLAD1"	"TSPAN2"	6	65	0.808256861619802	-0.961541518071514	-0.153284656451712	0.840584464039429	5.27605674020548	0.153193360386098	6.59966175132687e-08	7.99844996341969e-06
"AmplificationPeak3"	"APH1A"	"TSPAN7"	4	106	1.07868450742799	-1.076483745074	0.00220076235398753	1.00204439905763	5.7865509140716	0.186412341902128	3.59231587457301e-09	1.44580148316638e-06
"AmplificationPeak3"	"APH1A"	"TUB"	4	223	0.799600300349309	-0.717779949737043	0.0818203506122662	1.11399085561284	5.87845700700914	0.136022139720663	2.07054163834053e-09	9.98930158876826e-07
"AmplificationPeak3"	"TUFT1"	"TUSC5"	83	227	0.74013322001337	-1.66949222222481	-0.929359002211435	0.443328342690361	3.46623996480386	0.213526249633225	0.00026389599748627	0.00187601214346006
"AmplificationPeak3"	"RRNAD1"	"TXK"	132	30	0.295420817707351	-0.880272311166768	-0.584851493459416	0.335601624587944	3.47210026415173	0.0850841839901549	0.000258201715104317	0.00184704661934998
"AmplificationPeak3"	"FLAD1"	"UBE2T"	6	14	0.690003584428964	0.747765426642652	0.0577618422136872	0.922754061426685	6.31258019788077	0.109306109831382	1.37210584466616e-10	1.91235981631972e-07
"AmplificationPeak3"	"SLC50A1"	"UNC45B"	77	42	0.26573642182416	-0.680352756000405	-0.414616334176246	0.390586235567482	3.55589704559574	0.0747311911500069	0.000188345790681975	0.00147031230145284
"AmplificationPeak3"	"APH1A"	"XKR4"	4	20	1.099473308787	-1.11606996627176	-0.0165966574847639	0.985129375409854	6.43397213954054	0.170885618548158	6.21558274536853e-11	1.13647124976209e-07
"AmplificationPeak3"	"DEDD"	"YOD1"	3	1	0.389008904303047	0.627769902682944	0.238760998379897	0.619667974906909	5.55131350680431	0.0700751099404194	1.41765541341157e-08	3.13818207177301e-06
"AmplificationPeak3"	"SLC50A1"	"ZCCHC12"	77	181	0.376603496253412	-0.713342748951661	-0.336739252698249	0.527941857973427	3.97199993791503	0.0948145775780394	3.5635869238984e-05	0.000466439441854681
"AmplificationPeak3"	"APH1A"	"ZCCHC18"	4	309	0.886091556966108	-0.796747411816435	0.0893441451496724	1.11213609711764	5.66941144056595	0.156293394165383	7.16444457199958e-09	2.15684170951133e-06
"AmplificationPeak3"	"APH1A"	"ZDHHC15"	4	76	0.75550761533812	-0.788582399900717	-0.0330747845625971	0.958057921953671	5.7181054639737	0.132125512566726	5.38591411801327e-09	1.82592192950412e-06
"AmplificationPeak3"	"APH1A"	"ZFP82"	4	36	0.528557941560113	-0.762784626167054	-0.23422668460694	0.692932085189085	4.60323377197014	0.114823180343043	2.07990425615795e-06	7.44730871224148e-05
"AmplificationPeak3"	"SF3B4"	"ZIK1"	2	166	0.776694962153172	-0.706409982198674	0.0702849799544975	1.09949601750493	5.73887991717326	0.135339120762739	4.76523817500971e-09	1.72423728619029e-06
"AmplificationPeak3"	"SF3B4"	"ZNF287"	2	9	0.684498564497137	-0.661922408142382	0.0225761563547553	1.03410695283472	6.73143512765942	0.101686869369733	8.39988666165055e-12	3.71877805840673e-08
"AmplificationPeak3"	"SMG7"	"ZNF385D"	24	163	0.63370566508317	-1.01408931537132	-0.380383650288146	0.624901234514175	4.0621506044245	0.156002503795142	2.43113450885478e-05	0.000361604832817052
"AmplificationPeak3"	"FLAD1"	"ZNF415"	6	225	0.499603878126451	-0.628897762520286	-0.129293884393835	0.794411918599147	4.49075885079083	0.111251548953351	3.54849334521599e-06	0.00010540044913211
"AmplificationPeak3"	"B4GALT3"	"ZNF43"	16	3	0.483220381521682	-0.910313246656176	-0.427092865134494	0.530828682650373	4.699642209385	0.102820674424259	1.30308843486624e-06	5.39839330714171e-05
"AmplificationPeak3"	"UBQLN4"	"ZNF439"	13	147	0.561257264497208	-0.622759608634866	-0.0615023441376583	0.901242239726376	5.31764554994157	0.105546196944882	5.25592947613198e-08	7.02670679862622e-06
"AmplificationPeak3"	"FLAD1"	"ZNF454"	6	237	0.680319235389361	-0.652953427721613	0.0273658076677484	1.04191081094901	5.59578302444081	0.121577129137766	1.09814118984118e-08	2.76137834772878e-06
"AmplificationPeak3"	"APH1A"	"ZNF483"	4	261	0.988655005930506	-0.786417141377228	0.202237864553278	1.25716360174844	6.3432999015978	0.15585815289633	1.12447510684853e-10	1.72714786717621e-07
"AmplificationPeak3"	"APH1A"	"ZNF542P"	4	68	0.723641974433597	-0.732997080342899	-0.00935510590930249	0.987237185303758	5.8950570156953	0.122754024686604	1.87276014840412e-09	9.15244638241497e-07
"AmplificationPeak3"	"FLAD1"	"ZNF568"	6	50	0.598782756103501	-0.682331969898221	-0.0835492137947205	0.877553423435248	5.55372433853918	0.107816434450724	1.3982318284438e-08	3.12266242944621e-06
"AmplificationPeak3"	"APH1A"	"ZNF569"	4	214	0.659466398203576	-0.608165559309045	0.051300838894531	1.08435341020102	5.77072861921885	0.114277839371494	3.94647502929987e-09	1.53102888482045e-06
"AmplificationPeak3"	"HDGF"	"ZNF582"	31	269	0.688119793276161	-0.66448903325214	0.0236307600240216	1.03556230252344	5.72654478189881	0.120163173341673	5.12483575800571e-09	1.7797241047205e-06
"AmplificationPeak3"	"B4GALT3"	"ZNF626"	16	8	0.486616459401363	-0.982661733752905	-0.496045274351542	0.495202410643299	4.02585810207834	0.120872730002617	2.83839578816147e-05	0.000401321329717468
"AmplificationPeak3"	"APH1A"	"ZNF667"	4	136	0.868583632994533	-0.740669543267356	0.127914089727178	1.17270062052626	6.38936601522439	0.135942068575333	8.32874581528612e-11	1.39297348344459e-07
"AmplificationPeak3"	"HDGF"	"ZNF671"	31	187	0.574585230796724	-0.615897546701788	-0.0413123159050639	0.93292339590197	5.51944787351965	0.104101939897536	1.70033224357944e-08	3.53509406951038e-06
"AmplificationPeak3"	"FLAD1"	"ZNF677"	6	113	0.635929339599112	-0.731005534778513	-0.0950761951794004	0.869937790268295	5.19645981215334	0.122377418971242	1.01559743324329e-07	1.06605152051265e-05
"AmplificationPeak3"	"ACBD6"	"ZNF681"	89	63	0.325418120333895	-0.726521485341396	-0.401103365007501	0.447912590198182	3.8735940670756	0.0840093501536087	5.36209928260949e-05	0.000617728939549602
"AmplificationPeak3"	"APH1A"	"ZNF781"	4	211	0.771189304411263	-0.712456206808088	0.058733097603175	1.08243748463686	5.77802923116764	0.133469263231024	3.77903398451399e-09	1.48912908086739e-06
"AmplificationPeak3"	"FLAD1"	"ZNF788"	6	51	0.561743064987464	-0.594324482579708	-0.0325814175922438	0.945179075492866	5.86564225405489	0.0957683814758962	2.23698748845249e-09	1.05225095222444e-06
"AmplificationPeak3"	"TAGLN2"	"ZNF831"	47	83	0.879070183880019	-1.28449249036533	-0.40542230648531	0.68437160238282	4.84883946142801	0.181294965707346	6.20929354805342e-07	3.30965900151272e-05
"AmplificationPeak3"	"CKS1B"	"ZNF835"	63	43	0.569093032670267	-0.908431875669601	-0.339338842999334	0.62645647726836	4.78468552353737	0.118940530129038	8.56276256975933e-07	4.09407344888447e-05
"AmplificationPeak3"	"DEDD"	"ZNF85"	3	32	0.469117938400393	-0.624291717192966	-0.155173778792574	0.751440273002036	4.9119920090843	0.0955046216550842	4.50778640670402e-07	2.69471819333883e-05
"AmplificationPeak3"	"UCK2"	"ZNF853"	26	164	0.579752879933765	-0.619991203727426	-0.0402383237936611	0.935098556960573	5.56567741422368	0.104165735235058	1.30567970603868e-08	3.03416372368303e-06
"AmplificationPeak3"	"UCK2"	"ZSCAN18"	26	77	0.591774878594023	-0.723085078909965	-0.131310200315942	0.818402835093916	5.35483406098884	0.110512272061843	4.28174849879991e-08	6.19724680489895e-06
